x_1=0.1:(1/22):1;
